Motion Through Fluids Experiment Thu, Feb 06, 2020 2:11 PM
Time(sec)	Position(mm)
0.049	1.222
0.099	1.222
0.149	1.768
0.199	2.315
0.249	2.315
0.299	2.862
0.349	3.409
0.399	3.955
0.449	4.502
0.500	5.049
0.549	5.595
0.599	6.142
0.649	6.689
0.699	7.236
0.749	8.329
0.799	8.876
0.849	9.423
0.900	9.969
0.949	10.516
0.999	11.063
1.049	12.156
1.099	12.156
1.149	13.250
1.199	13.797
1.249	14.343
1.299	14.890
1.349	15.984
1.400	15.984
1.449	17.077
1.499	17.624
1.549	18.171
1.599	18.717
1.649	19.264
1.699	19.811
1.749	20.358
1.799	20.904
1.849	21.998
1.900	22.545
1.949	23.091
1.999	23.638
2.049	24.185
2.099	24.732
2.149	25.278
2.199	26.372
2.249	26.918
2.299	27.465
2.349	28.012
2.399	28.559
2.449	29.105
2.499	30.199
2.549	30.746
2.599	31.292
2.649	31.839
2.699	32.386
2.749	32.933
2.799	33.479
2.849	34.026
2.899	34.573
2.949	35.666
2.999	35.666
3.049	36.213
3.099	37.307
3.149	37.853
3.199	38.400
3.250	38.947
3.299	39.494
3.349	40.040
3.399	40.587
3.449	41.134
3.500	42.227
3.549	42.774
3.599	43.321
3.650	43.868
3.699	44.414
3.749	44.961
3.799	45.508
3.849	46.055
3.899	47.148
3.949	47.695
3.999	48.241
4.050	48.788
4.099	49.335
4.149	49.882
4.199	50.428
4.249	50.975
4.299	52.069
4.349	52.615
4.399	53.162
4.449	53.709
4.499	54.256
4.549	54.802
4.599	55.349
4.649	56.443
4.699	56.989
4.749	57.536
4.799	58.083
4.850	58.630
4.899	59.176
4.949	59.723
4.999	60.817
5.049	61.363
5.099	61.910
5.149	62.457
5.199	63.004
5.249	63.550
5.299	64.097
5.349	65.191
5.399	65.737
5.449	66.284
5.499	66.831
5.549	67.378
5.600	67.924
5.649	68.471
5.749	69.564
5.849	71.205
5.899	71.751
5.950	72.298
5.999	72.845
6.049	73.392
6.100	73.938
6.150	74.485
6.200	75.579
6.249	76.125
6.299	76.672
6.350	77.219
6.399	77.766
6.449	78.312
6.499	78.859
6.549	79.406
6.599	79.953
6.649	81.046
6.699	81.593
6.750	82.140
6.799	82.686
6.849	83.233
6.899	83.780
6.949	84.327
6.999	84.873
7.049	85.967
7.099	86.514
7.149	87.060
7.199	87.607
7.250	88.154
7.299	88.701
7.349	89.247
7.400	89.794
7.449	90.341
7.500	91.434
7.550	91.981
7.599	92.528
7.649	93.074
7.699	93.621
7.749	94.168
7.799	94.715
7.849	95.261
7.899	96.355
7.950	96.902
7.999	97.448
8.049	97.995
8.099	98.542
8.149	99.089
8.199	99.635
8.249	100.182
8.299	100.729
8.349	101.822
8.399	102.369
8.449	102.916
8.499	103.463
8.549	104.009
8.599	104.556
8.649	105.650
8.699	106.196
8.749	106.743
8.799	107.290
8.850	107.837
8.899	108.383
8.949	108.930
9.000	109.477
9.049	110.570
9.099	111.117
9.149	111.664
9.199	112.210
9.249	112.757
9.299	113.304
9.349	113.851
9.399	114.397
9.449	114.944
9.499	115.491
9.549	116.584
9.599	117.131
9.649	117.678
9.699	118.225
9.749	118.771
9.799	119.318
9.849	119.865
9.899	120.412
9.949	120.958
9.999	122.052
10.049	122.599
10.099	123.145
10.149	123.692
10.200	124.239
10.250	124.786
10.299	125.332
10.349	126.426
10.399	126.973
10.449	127.519
10.500	128.066
10.549	128.613
10.599	129.160
10.649	129.706
10.699	130.253
10.749	130.800
10.799	131.347
10.849	132.440
10.899	132.987
10.949	133.533
10.999	134.080
11.050	134.627
11.099	135.174
11.149	135.720
11.199	136.267
11.249	136.814
11.299	137.907
11.349	138.454
11.399	139.001
11.449	139.548
11.500	140.094
11.549	140.641
11.599	141.188
11.649	141.735
11.699	142.828
11.749	143.375
11.799	143.922
11.849	144.468
11.899	145.015
11.949	145.562
11.999	146.109
12.049	147.202
12.099	147.749
12.149	148.296
12.199	148.842
12.249	149.389
12.299	149.936
12.349	150.483
12.399	151.029
12.449	151.576
12.499	152.123
12.549	153.216
12.599	153.763
12.650	154.310
12.700	154.856
12.749	155.403
12.799	155.950
12.849	156.497
12.899	157.043
12.949	158.137
12.999	158.684
13.049	159.230
13.099	159.777
13.149	160.324
13.199	160.871
13.249	161.417
13.299	161.964
13.349	163.058
13.399	163.604
13.449	164.151
13.499	164.698
13.549	165.245
13.599	165.791
13.649	166.338
13.700	166.885
13.750	167.978
13.799	167.978
13.849	169.072
13.899	169.619
13.949	170.165
13.999	170.712
14.049	171.259
14.099	171.806
14.149	172.352
14.199	172.899
14.249	173.992
14.299	174.539
14.349	175.086
14.400	175.633
14.449	176.179
14.499	176.726
14.549	177.273
14.600	177.820
14.649	178.366
14.699	178.913
14.749	180.007
14.799	180.553
14.849	181.100
14.899	181.647
14.950	182.194
14.999	182.740
15.049	183.287
15.099	184.381
15.149	184.927
15.199	185.474
15.249	186.021
15.299	186.568
15.349	187.114
15.399	187.661
15.450	188.208
15.499	188.755
15.549	189.301
15.599	190.395
15.649	190.942
15.699	191.488
15.749	192.035
15.799	192.582
15.849	193.129
15.899	193.675
15.949	194.222
15.999	194.769
16.049	195.862
16.099	196.409
16.149	196.956
16.199	197.502
16.249	198.049
16.299	198.596
16.349	199.143
16.399	199.689
16.450	200.236
16.499	201.330
16.549	201.876
16.599	202.423
16.649	202.970
16.699	203.517
16.749	204.063
16.799	204.610
16.849	205.157
16.900	205.704
16.949	206.250
16.999	207.344
17.049	207.891
17.099	208.437
17.149	208.984
17.200	209.531
17.249	210.078
17.299	210.624
17.350	211.171
17.399	211.718
17.449	212.265
17.499	212.811
17.549	213.358
17.599	214.452
17.649	214.998
17.700	215.545
17.749	216.092
17.800	216.638
17.849	217.185
17.899	217.732
17.950	218.279
17.999	218.825
18.049	219.372
18.099	219.919
18.149	220.466
18.200	221.012
18.249	221.559
18.299	222.653
18.349	223.199
18.399	223.746
18.449	224.293
18.499	224.840
18.550	225.386
18.599	225.933
18.649	226.480
18.699	227.027
18.749	227.573
18.799	228.120
18.849	228.667
18.899	229.214
18.949	229.760
18.999	230.307
19.049	230.854
19.099	231.401
19.149	231.947
19.199	232.494
19.249	233.041
19.299	233.588
19.349	234.134
19.399	234.681
19.449	235.228
19.499	235.775
19.549	236.321
19.599	236.868
19.649	237.415
19.699	237.962
19.749	238.508
19.799	239.055
19.850	239.602
19.899	240.148
19.950	240.695
19.999	241.242
20.049	241.789
20.099	242.335
20.149	242.882
20.200	243.429
20.249	243.976
20.299	244.522
20.349	245.069
20.400	245.616
20.450	246.163
20.499	246.709
20.549	247.256
20.599	247.803
20.649	248.350
20.699	248.350
20.750	248.896
20.799	249.443
20.849	249.990
20.899	250.537
20.949	251.083
20.999	251.630
21.049	252.177
21.099	252.724
21.149	253.270
21.199	253.817
21.249	253.817
21.299	254.364
21.349	254.911
21.399	255.457
21.449	255.457
21.499	0.000
21.549	0.000
21.600	0.000
21.649	0.000
21.699	0.000
21.749	0.000
21.799	0.000
21.849	0.000
21.899	0.000
21.949	0.000
21.999	0.000
22.049	0.000
22.099	0.000